1
100
0.5 0.0
0.49901436399644494 0.0251034917121719
0.4960613418991057 0.050108011803357944
0.4911525761275761 0.07491497885254417
0.4843074197069659 0.09942659030027988
0.4755528599677475 0.12354620803957289
0.4649234121470179 0.14717873941587983
0.4524609833106572 0.17023101213408223
0.4382147071328768 0.19261214159436077
0.4222407501845465 0.2142338892087303
0.40460209049401613 0.23501101028555682
0.38536826925346757 0.25486159011050613
0.3646151166497034 0.27370736689891056
0.3424244529002976 0.2914740403462998
0.3188837656737872 0.30809156456062103
0.29408586516568747 0.32349442422125213
0.268128518190212 0.337621892876036
0.241114062730304 0.3504182723579918
0.2131490044656343 0.36183311237778915
0.1843435968692715 0.37182140942623476
0.154811406528512 0.380343784202588
0.12466886540361051 0.3873666368691875
0.09403481178965237 0.3928622795202896
0.0630300217913446 0.39680904534285616
0.03177673315790721 0.3991913740389178
0.00039816335536652065 0.3999998731727339
-0.030981976223727444 0.39923135520088393
-0.06223996799791184 0.3968888500392977
-0.0932525759588208 0.3929815931176782
-0.1238975315345727 0.3875249889684139
-0.1540540156389964 0.3805405504935314
-0.18360313500619585 0.3720558141491326
-0.21242839093248458 0.36210423138170417
-0.24041613857765207 0.350725036744318
-0.2674560350147481 0.33796309321267837
-0.29344147426192985 0.32386871531086564
-0.318270007581236 0.30849747074411094
-0.34184374738724715 0.2919099613206719
-0.36406975317319806 0.2741715840265367
-0.3848603979330172 0.2553522731949285
-0.40413371363465517 0.235526224787118
-0.4218137143826581 0.21477160387158123
-0.4378306959959058 0.193170236454776
-0.45212151081941293 0.17080728687851043
-0.46462981668673864 0.14777092205577697
-0.4753062990514578 0.1241519638688165
-0.4841088654119305 0.10004353109985152
-0.4910028112628424 0.07554067230618718
-0.49596095691924463 0.050739991087092075
-0.49896375467365794 0.0257392652198548
-0.49999936586376975 0.0006370611665945537
-0.49906370754688145 -0.024467654528354563
-0.49616046859708957 -0.049475905418401085
-0.4913010951617375 -0.07428909537369198
-0.48450474553447564 -0.09880939730069567
-0.4757982146228455 -0.12294013882982278
-0.4652158283081774 -0.14658618345049879
-0.45279930811429236 -0.1696543055910448
-0.43859760671855824 -0.19205355816459602
-0.4226667149538045 -0.2136956311319958
-0.40506944106199944 -0.2344951996680111
-0.3858751630699919 -0.2543702605582118
-0.36515955526358645 -0.27324245550025317
-0.34300428983834136 -0.29103738003493107
-0.319496714903342 -0.307684876889038
-0.2947295101074375 -0.3231193125734999
-0.2688003212456448 -0.33727983614629625
-0.24181137528630495 -0.3501106191199766
-0.21386907733675936 -0.3615610755679307
-0.1850835911365329 -0.3715860615616294
-0.1555684047319407 -0.3801460531525506
-0.12543988304447076 -0.38720730219708577
-0.09481680909695982 -0.3927419694100813
-0.06381991570629575 -0.3967282341224462
-0.03257140948897578 -0.39915038031009936
-0.0011944890561403252 -0.3999988585550872
0.030187140702373466 -0.39927032369458376
0.06144975633000425 -0.3969676480093425
0.09247010358864131 -0.3930999098996028
0.12312588339388066 -0.3876823580930979
0.15329623398454986 -0.3807363515262743
0.18286220742552076 -0.3722892751357446
0.21170723856517867 -0.3623744318919703
0.23971760459866473 -0.35103091150083365
0.2667828734250371 -0.3383034362907531
0.2927963390306911 -0.3242421848929342
0.317655442182514 -0.3089025944099081
0.3412621747721754 -0.29234514185231425
0.36352346621740933 -0.27463510570562394
0.3843515503968792 -0.2558423085668392
0.40366431167197553 -0.23604084186582994
0.4213856086313352 -0.21530877375661103
0.43744557428170655 -0.19372784133020918
0.45178089150164663 -0.17138312836258282
0.4643350426720578 -0.14836272986809218
0.4750585324993895 -0.12475740478102673
0.48390908315301134 -0.10066021813451252
0.4908518009474216 -0.07616617414752164
0.49585931391213733 -0.051371841666559385
0.4989118797068934 -0.02637497343873517
0