1
100
0.6 0.0
0.598817236795734 0.01255174585608595
0.5952736102789269 0.025054005901678972
0.5893830913530913 0.037457489426272084
0.581168903648359 0.04971329515013994
0.570663431961297 0.061773104019786446
0.5579080945764214 0.07358936970793992
0.5429531799727886 0.08511550606704112
0.5258576485594522 0.09630607079718038
0.5066889002214557 0.10711694460436515
0.4855225085928193 0.11750550514277841
0.46244192310416105 0.12743079505525307
0.4375381399796441 0.13685368344945528
0.4109093434803571 0.1457370201731499
0.3826605188085446 0.15404578228031052
0.35290303819882496 0.16174721211062607
0.32175422182825436 0.168810946438018
0.2893368752763648 0.1752091361789959
0.2557788053587612 0.18091655618889457
0.2212123162431258 0.18591070471311738
0.18577368783421438 0.190171892101294
0.1496026384843326 0.19368331843459374
0.11284177414758284 0.1964311397601448
0.07563602614961352 0.19840452267142808
0.03813207978948865 0.1995956870194589
0.0004777960264398248 0.19999993658636694
-0.03717837146847293 0.19961567760044197
-0.0746879615974942 0.19844442501964885
-0.11190309115058496 0.1964907965588391
-0.14867703784148723 0.19376249448420696
-0.18486481876679567 0.1902702752467657
-0.220323762007435 0.1860279070745663
-0.2549140691189815 0.18105211569085208
-0.28849936629318246 0.175362518372159
-0.3209472420176977 0.16898154660633918
-0.3521297691143158 0.16193435765543282
-0.3819240090974832 0.15424873537205547
-0.4102124968646966 0.14595498066033594
-0.43688370380783764 0.13708579201326834
-0.4618324775196206 0.12767613659746424
-0.4849604563615862 0.117763112393559
-0.5061764572591897 0.10738580193579061
-0.525396835195087 0.096585118227388
-0.5425458129832955 0.08540364343925522
-0.5575557800240863 0.07388546102788848
-0.5703675588617494 0.06207598193440825
-0.5809306384943166 0.05002176554992576
-0.5892033735154109 0.03777033615309359
-0.5951531483030935 0.025369995543546037
-0.5987565056083896 0.0128696326099274
-0.5999992390365236 0.00031853058329727683
-0.5988764490562577 -0.012233827264177282
-0.5953925623165075 -0.024737952709200543
-0.589561314194085 -0.03714454768684599
-0.5814056946413707 -0.049404698650347835
-0.5709578575474146 -0.06147006941491139
-0.5582589939698129 -0.07329309172524939
-0.5433591697371508 -0.0848271527955224
-0.5263171280622698 -0.09602677908229801
-0.5072000579445654 -0.1068478155659979
-0.4860833292743993 -0.11724759983400555
-0.4630501956839903 -0.1271851302791059
-0.43819146631630373 -0.13662122775012658
-0.4116051478060096 -0.14551869001746554
-0.38339605788401043 -0.153842438444519
-0.35367541212892495 -0.16155965628674995
-0.3225603854947737 -0.16863991807314813
-0.2901736503435659 -0.1750553095599883
-0.25664289280411123 -0.18078053778396536
-0.22210030936383945 -0.1857930307808147
-0.18668208567832884 -0.1900730265762753
-0.1505278596533649 -0.19360365109854288
-0.11378017091635177 -0.19637098470504066
-0.0765838988475549 -0.1983641170612231
-0.039085691386770934 -0.19957519015504968
-0.0014333868673683903 -0.1999994292775436
0.03622456884284816 -0.19963516184729188
0.0737397075960051 -0.19848382400467124
0.11096412430636958 -0.1965499549498014
0.1477510600726568 -0.19384117904654896
0.18395548078145982 -0.19036817576313714
0.2194346489106249 -0.1861446375678723
0.2540486862782144 -0.18118721594598514
0.2876611255183977 -0.17551545575041683
0.3201394481100445 -0.16915171814537655
0.35135560683682926 -0.1621210924464671
0.3811865306190168 -0.15445129720495404
0.40951460972661047 -0.14617257092615712
0.43622815946089116 -0.13731755285281197
0.461221860476255 -0.1279211542834196
0.4843971740063706 -0.11802042093291497
0.5056627303576022 -0.10765438687830552
0.5249346891380479 -0.09686392066510459
0.542137069801976 -0.08569156418129141
0.5572020512064693 -0.07418136493404609
0.5700702389992673 -0.062378702390513366
0.5806908997836135 -0.05033010906725626
0.5890221611369059 -0.03808308707376082
0.5950311766945647 -0.025685920833279693
0.5986942556482721 -0.013187486719367585
0