3

14
0.8266129032258065 3.6792914198771944 
1.8548387096774195 1.5600717274357445 
3.2661290322580645 1.2068684453621696 
5.94758064516129 1.0710210291800253 
7.903225806451612 1.5057327609628868 
8.79032258064516 2.565342607183612 
9.173387096774192 4.304189534315058 
9.213709677419354 5.90718904526436 
7.439516129032258 4.738901266097919 
5.463709677419354 4.4128674672607735 
3.9717741935483875 4.304189534315058 
2.3991935483870965 4.766070749334348 
1.350806451612903 5.608324729663642 
0.6451612903225805 6.36907026028365 

1
12
2.1370967741935485 2.0219529424550347 
1.2298387096774195 3.8151388360593383 
1.149193548387097 4.874748682280064 
2.379032258064516 3.9781557354779116 
4.939516129032258 3.4619355539857635 
6.854838709677418 3.652121936640766 
8.084677419354838 4.141172634896485 
8.709677419354838 4.711731782861491 
7.983870967741934 2.6468510568928982 
7.076612903225806 2.2393088083464656 
5.30241935483871 1.994783459218606 
3.7298387096774195 1.9132750095093194 


4

1 8
2 8 
2 9
1 9 

0

4

7 7
8 7
8 8
7 8

0