1
100
8.0 5.0
7.99408618397867 5.188276187841289
7.976368051394634 5.375810088525185
7.946915456765456 5.5618623413940815
7.905844518241795 5.745699427252099
7.853317159806485 5.9265965602967965
7.789540472882107 6.103840545619098
7.714765899863943 6.276732591005617
7.62928824279726 6.444591061957706
7.5334445011072795 6.606754169065477
7.427612542964097 6.762582577141676
7.312209615520805 6.911461925828796
7.187690699898221 7.052805251741829
7.054546717401786 7.186055302597248
6.913302594042723 7.3106867342046575
6.764515190994125 7.426208181659391
6.608771109141272 7.53216419657027
6.446684376381824 7.628137042684938
6.278894026793806 7.713748342833418
6.106061581215629 7.788660570696761
5.928868439171072 7.85257838151941
5.748013192421663 7.905249776518906
5.5642088707379145 7.946467096402172
5.378180130748068 7.976067840071421
5.190660398947443 7.993935305291883
5.002388980132199 7.9999990487955035
4.814108142657635 7.994235164006629
4.626560192012529 7.976666375294732
4.4404845442470755 7.947361948382587
4.256614810792564 7.9064374172631045
4.075675906166022 7.854054128701486
3.8983811899628247 7.790418606118494
3.7254296544050924 7.715781735362781
3.5575031685340877 7.630437775582385
3.3952637899115117 7.534723199095088
3.239351154428421 7.429015364831492
3.090379954512584 7.313731030580832
2.948937515676517 7.189324709905039
2.8155814809608115 7.056286880199025
2.690837612401897 6.915142048961964
2.575197718192069 6.766446685903385
2.4691177137040516 6.610787029036859
2.373015824024565 6.44877677341082
2.2872709350835225 6.281054651588828
2.212221099879568 6.108281915418328
2.148162205691253 5.931139729016124
2.095346807528417 5.7503264832488865
2.0539831324229456 5.566555042296404
2.0242342584845323 5.3805499331531905
2.0062174719580526 5.193044489148911
2.0000038048173816 5.004777958749459
2.0056177547187115 4.816492591037341
2.0230371884174625 4.628930709361992
2.0521934290295754 4.44283178469731
2.0929715267931464 4.2589295202447826
2.145210712262927 4.077948958776329
2.2087050301509352 3.900603624121259
2.283204151314246 3.727592708067164
2.3684143596886504 3.5595983137655303
2.4639997102771733 3.3972827665100316
2.5695833536280035 3.241286002489917
2.6847490215800485 3.0922230458134115
2.8090426684184813 2.9506815837481013
2.941974260969952 2.817219649738017
3.083019710579948 2.692363423332215
3.231622939355375 2.5766051556987506
3.3871980725261315 2.4704012289027784
3.5491317482821705 2.3741703566001755
3.7167855359794437 2.2882919332405196
3.889498453180803 2.2131045382877796
4.066589571608356 2.148904601355871
4.247360701733175 2.095945233521857
4.431099145418241 2.0544352294243904
4.6170805057622255 2.0245382440816537
4.804571543066145 2.006372147674255
4.992833065663158 2.000008560836846
5.181122844214241 2.005472572290622
5.368698537980025 2.0227426399299318
5.554820621531848 2.051750675752979
5.738755300363284 2.0923823143017657
5.9197774039072995 2.1444773635529435
6.097173244553124 2.2078304364819155
6.270243431391072 2.282191760810223
6.438305627591989 2.367268163743748
6.600697240550223 2.462724227819352
6.756778034184146 2.5681836133029936
6.905932653095084 2.6832305419256897
7.047573048633053 2.8074114361076434
7.181140797304456 2.9402367072078204
7.306109302381275 3.081182685748706
7.421985870031853 3.2296936860062755
7.528313651788011 3.3851841968254175
7.62467344569024 3.5470411900234313
7.71068534900988 3.714626537280629
7.7860102560323465 3.8872795259893085
7.850351194996337 4.064319464142299
7.903454498918068 4.245048363991156
7.945110805684529 4.428753693893587
7.975155883472824 4.614711187500805
7.99347127824136 4.802187699209486

1
100
5.997823759413786 4.934062566403162
5.991718627824275 4.871570395833602
5.981703601894843 4.809584564631196
5.967818166306023 4.748349454663718
5.950117064998779 4.688106488047433
5.928670085344115 4.6290931753297695
5.903561783003293 4.571542179093543
5.874891148563413 4.515680396674477
5.84277121726267 4.461728065608472
5.807328623343951 4.409897895335425
5.768703100793759 4.360394228582902
5.727046932434819 4.313412235735941
5.682524349544351 4.269137145369214
5.635310884365028 4.22774351397523
5.585592678061382 4.189394537767664
5.5335657468500745 4.1542414092731175
5.479435209197329 4.122422721247916
5.423414477130358 4.094063920270075
5.365724414851042 4.069276812160639
5.3065924679691 4.048159121184314
5.246251766787761 4.0307941047672555
5.1849402071772825 4.017250225250993
5.122899512660008 4.0075808799766435
5.060374281404747 4.001824190763541
4.997611021887719 4.000002853612282
4.934857181022048 4.002124049224752
4.8723601685874085 4.008179414693885
4.81036638180608 4.018145076474797
4.749120233911058 4.031981744507286
4.688863190536119 4.049634867118623
4.629832817726935 4.071034846095927
4.572261845326481 4.0960973110801735
4.51637724942739 4.124723452200058
4.46239935750871 4.1568004096342595
4.410540979785125 4.19220171856625
4.361006570193316 4.230787807777405
4.313991420323317 4.272406549912672
4.269680889472827 4.316893861249367
4.228249673860017 4.36407434860447
4.189861117876001 4.413762000829973
4.154666570092391 4.465760922170011
4.122804786562884 4.51986610458851
4.094401383771415 4.5758642360223885
4.069568343383645 4.633534541373753
4.048403570754309 4.692649652925443
4.0309905089310485 4.7529765067482606
4.017397809676525 4.81427726156577
4.0076790628058205 4.876310236453997
4.001872584906237 4.938830863679113
4.00000126827246 5.001592652916487
4.002072490652684 5.064348163049637
4.008078086161511 5.12684997771773
4.017994377474315 5.188851680765468
4.031782269176139 5.250108827749629
4.049387401897084 5.310379909672041
4.070740366626523 5.3694273051394426
4.095756978361174 5.427018217196276
4.1243386080081885 5.48292559113694
4.156372571234684 5.536929009678953
4.1917325727306896 5.588815561967795
4.230279204133966 5.6383806829873215
4.2718604936536035 5.685428960066342
4.316312505225506 5.72977490330168
4.363459984837528 5.771243676860277
4.41311705147614 5.809671788277164
4.465087929970504 5.844907733031696
4.519167722844696 5.876812591860795
4.575143218135031 5.905260578454261
4.6327937299876085 5.930139535372831
4.6918919687220075 5.951351376233829
4.7522049369308546 5.9688124724210345
4.8134948480823585 5.982453982794196
4.875520064004176 5.992222125098245
4.938036047552545 5.9980783880022095
5.000796326710733 5.9999996829318345
5.063553466315814 5.997978435097295
5.126060043582689 5.992022613357141
5.188069623579305 5.9821556988007245
5.249337730807221 5.968416592172969
5.3096228130570235 5.95085946050647
5.368687193738543 5.929553523565587
5.426298008931268 5.904582780944473
5.482228125460608 5.876045680894979
5.536257036380424 5.84405473219009
5.588171730331375 5.80873606055313
5.637767531347574 5.770228911401553
5.684848905800595 5.728685100865749
5.729230233299407 5.684268417247276
5.770736538506935 5.637153975276266
5.809204180988032 5.587527525713892
5.844481500369093 5.535584723021826
5.876429414265754 5.481530353985902
5.904921966621314 5.425577530335206
5.929846824294036 5.3679468485397
5.951105719935495 5.308865520098932
5.968614839413932 5.2485664757507
5.982305152255153 5.187287447131361
5.992122683798211 5.125270029508395
5.99802872799289 5.0627587292804295
6.0 5.0
