1
14
5.0 0.0
4.505337813261752 2.16839368851549
3.1192275246424757 3.9077384315627848
1.1159316727136877 4.873878999506905
-1.1081678598051097 4.875650109933542
-3.1129998976022115 3.912701322300058
-4.5018786007337726 2.175566377809542
-4.999993658637697 0.00796326458243414
-4.508785597797985 -2.1612154989934407
-3.125447239622004 -3.9027656286714416
-1.123692655011448 -4.872095526267247
1.1004012359789757 -4.877408853054657
3.1067643742978674 -3.917654288294665
4.498407968988492 -2.1827335486817496
0