3

16
4.229838709677419 5.0664565559963055
4.931451612903226 4.365483888496441
5.887096774193548 4.283975438787155
7.060483870967742 4.283975438787155
7.411290322580645 4.642612617508016
7.326612903225806 5.310981905124166
6.782258064516129 5.604412324077597
6.092741935483871 5.310981905124166
5.717741935483871 5.408792044775309
5.330645161290322 5.637015703961311
5.125 6.484703580937891
5.245967741935484 7.055262728902897
5.016129032258064 7.560615117100474
4.52016129032258 7.642123566809761
4.181451612903226 7.250883008205185
4.096774193548387 5.881541053089171

2

6
6.123387096774194 4.63069064826387
6.4 4.858914307449873
6.741935483870968 5.070836276694018
6.983870967741936 5.038232896810304
7.141129032258064 4.8100092376243005
7.044354838709678 4.712199097973157

14
4.96990447813931 6.616650381910733
4.886405862457872 6.470917039783248
4.7660240741587385 6.390297656343408
4.632578440699313 6.390743975793551
4.51247316562268 6.4721676871915985
4.429472864132121 6.618457898084551
4.400000380481738 6.800668914224924
4.429887283955974 6.982747575736001
4.513220006143867 7.128666911073204
4.633509928411693 7.209554609234417
4.766955900362821 7.20940583595858
4.887153651478549 7.128250028251274
4.970320268795705 6.982145069835301
5.0 6.8


14
7.326612903225806 6.142368092158888
7.89516129032258 5.76742922349617
8.657258064516128 6.240178231810032
8.596774193548388 7.430201597565615
8.185483870967742 8.55501820355377
7.399193548387097 8.946258762158344
6.080645161290322 9.435309460414064
4.870967741935484 9.679834809541923
4.508064516129032 9.15818073140249
4.689516129032258 8.48981144378634
5.403225806451613 8.408302994077054
6.262096774193548 8.440906373960768
6.818548387096774 7.430201597565615
7.024193548387096 6.4521002010541775

0


21
6.45 6.5
6.430027876637902 6.632574602825344
6.371884331936454 6.753381221995982
6.280730477217823 6.85169645884065
6.164657583732546 6.918793362076525
6.033968861025885 6.948716075576309
5.90026489261754 6.938808509894018
5.775413910289971 6.889950110025319
5.670498310580625 6.806477791478889
5.594830925933961 6.695800974002859
5.555128371197315 6.56774388449481
5.5549148433528694 6.433673509572726
5.594209296198182 6.30549060509059
5.669523757912483 6.194573325631645
5.774172940849961 6.110767242699636
5.898867661048969 6.061511402635948
6.032539392578768 6.051177999725276
6.163322765163184 6.080684278401762
6.279608793686808 6.14741111405348
6.3710753496742525 6.245435499599549
6.429603404949128 6.366056301170546
0